0.000019 0.002326 76.000000
0.002326 0.004633 75.000000
0.004633 0.006940 49.000000
0.006940 0.009247 39.000000
0.009247 0.011555 49.000000
0.011555 0.013862 57.000000
0.013862 0.016169 59.000000
0.016169 0.018476 50.000000
0.018476 0.020783 81.000000
0.020783 0.023090 98.000000
0.023090 0.025398 43.000000
0.025398 0.027705 35.000000
0.027705 0.030012 62.000000
0.030012 0.032319 40.000000
0.032319 0.034626 30.000000
0.034626 0.036933 37.000000
0.036933 0.039240 29.000000
0.039240 0.041548 36.000000
0.041548 0.043855 25.000000
0.043855 0.046162 60.000000
0.046162 0.048469 34.000000
0.048469 0.050776 50.000000
0.050776 0.053083 29.000000
0.053083 0.055391 17.000000
0.055391 0.057698 40.000000
0.057698 0.060005 46.000000
0.060005 0.062312 45.000000
0.062312 0.064619 13.000000
0.064619 0.066926 45.000000
0.066926 0.069233 31.000000
0.069233 0.071541 8.000000
0.071541 0.073848 76.000000
0.073848 0.076155 41.000000
0.076155 0.078462 16.000000
0.078462 0.080769 66.000000
0.080769 0.083076 33.000000
0.083076 0.085383 64.000000
0.085383 0.087691 71.000000
0.087691 0.089998 48.000000
0.089998 0.092305 71.000000
0.092305 0.094612 39.000000
0.094612 0.096919 30.000000
0.096919 0.099226 93.000000
0.099226 0.101534 58.000000
0.101534 0.103841 43.000000
0.103841 0.106148 16.000000
0.106148 0.108455 95.000000
0.108455 0.110762 59.000000
0.110762 0.113069 73.000000
0.113069 0.115376 118.000000
0.115376 0.117684 61.000000
0.117684 0.119991 120.000000
0.119991 0.122298 68.000000
0.122298 0.124605 117.000000
0.124605 0.126912 100.000000
0.126912 0.129219 170.000000
0.129219 0.131526 220.000000
0.131526 0.133834 57.000000
0.133834 0.136141 42.000000
0.136141 0.138448 69.000000
0.138448 0.140755 136.000000
0.140755 0.143062 32.000000
0.143062 0.145369 93.000000
0.145369 0.147677 74.000000
0.147677 0.149984 89.000000
0.149984 0.152291 103.000000
0.152291 0.154598 176.000000
0.154598 0.156905 71.000000
0.156905 0.159212 62.000000
0.159212 0.161519 68.000000
0.161519 0.163827 91.000000
0.163827 0.166134 187.000000
0.166134 0.168441 70.000000
0.168441 0.170748 83.000000
0.170748 0.173055 111.000000
0.173055 0.175362 97.000000
0.175362 0.177670 130.000000
0.177670 0.179977 107.000000
0.179977 0.182284 864.000000
0.182284 0.184591 74.000000
0.184591 0.186898 94.000000
0.186898 0.189205 78.000000
0.189205 0.191512 90.000000
0.191512 0.193820 75.000000
0.193820 0.196127 181.000000
0.196127 0.198434 66.000000
0.198434 0.200741 63.000000
0.200741 0.203048 901.000000
0.203048 0.205355 287.000000
0.205355 0.207662 192.000000
0.207662 0.209970 69.000000
0.209970 0.212277 85.000000
0.212277 0.214584 48.000000
0.214584 0.216891 102.000000
0.216891 0.219198 89.000000
0.219198 0.221505 76.000000
0.221505 0.223813 55.000000
0.223813 0.226120 48.000000
0.226120 0.228427 46.000000
0.228427 0.230734 65.000000
0.230734 0.233041 93.000000
0.233041 0.235348 27.000000
0.235348 0.237655 20.000000
0.237655 0.239963 64.000000
0.239963 0.242270 29.000000
0.242270 0.244577 53.000000
0.244577 0.246884 35.000000
0.246884 0.249191 83.000000
0.249191 0.251498 46.000000
0.251498 0.253806 32.000000
0.253806 0.256113 34.000000
0.256113 0.258420 29.000000
0.258420 0.260727 16.000000
0.260727 0.263034 11.000000
0.263034 0.265341 12.000000
0.265341 0.267648 14.000000
0.267648 0.269956 15.000000
0.269956 0.272263 12.000000
0.272263 0.274570 13.000000
0.274570 0.276877 15.000000
0.276877 0.279184 41.000000
0.279184 0.281491 32.000000
0.281491 0.283798 19.000000
0.283798 0.286106 12.000000
0.286106 0.288413 38.000000
0.288413 0.290720 41.000000
0.290720 0.293027 6.000000
0.293027 0.295334 11.000000
0.295334 0.297641 5.000000
0.297641 0.299949 33.000000
0.299949 0.302256 13.000000
0.302256 0.304563 14.000000
0.304563 0.306870 0.000000
0.306870 0.309177 6.000000
0.309177 0.311484 14.000000
0.311484 0.313791 0.000000
0.313791 0.316099 5.000000
0.316099 0.318406 6.000000
0.318406 0.320713 13.000000
0.320713 0.323020 6.000000
0.323020 0.325327 0.000000
0.325327 0.327634 0.000000
0.327634 0.329942 8.000000
0.329942 0.332249 0.000000
0.332249 0.334556 0.000000
0.334556 0.336863 2.000000
0.336863 0.339170 12.000000
0.339170 0.341477 1.000000
0.341477 0.343784 4.000000
0.343784 0.346092 1.000000
0.346092 0.348399 5.000000
0.348399 0.350706 2.000000
0.350706 0.353013 0.000000
0.353013 0.355320 0.000000
0.355320 0.357627 3.000000
0.357627 0.359934 3.000000
0.359934 0.362242 0.000000
0.362242 0.364549 3.000000
0.364549 0.366856 3.000000
0.366856 0.369163 2.000000
0.369163 0.371470 0.000000
0.371470 0.373777 0.000000
0.373777 0.376085 0.000000
0.376085 0.378392 0.000000
0.378392 0.380699 0.000000
0.380699 0.383006 0.000000
0.383006 0.385313 0.000000
0.385313 0.387620 0.000000
0.387620 0.389927 0.000000
0.389927 0.392235 0.000000
0.392235 0.394542 0.000000
0.394542 0.396849 0.000000
0.396849 0.399156 0.000000
0.399156 0.401463 0.000000
0.401463 0.403770 0.000000
0.403770 0.406077 0.000000
0.406077 0.408385 0.000000
0.408385 0.410692 0.000000
0.410692 0.412999 0.000000
0.412999 0.415306 0.000000
0.415306 0.417613 0.000000
0.417613 0.419920 0.000000
0.419920 0.422228 0.000000
0.422228 0.424535 0.000000
0.424535 0.426842 0.000000
0.426842 0.429149 0.000000
0.429149 0.431456 0.000000
0.431456 0.433763 0.000000
0.433763 0.436070 0.000000
0.436070 0.438378 0.000000
0.438378 0.440685 0.000000
0.440685 0.442992 0.000000
0.442992 0.445299 0.000000
0.445299 0.447606 0.000000
0.447606 0.449913 0.000000
0.449913 0.452221 0.000000
0.452221 0.454528 0.000000
0.454528 0.456835 0.000000
0.456835 0.459142 0.000000
0.459142 0.461449 0.000000
