0.008766 0.020313 8.000000
0.020313 0.031861 0.000000
0.031861 0.043408 0.000000
0.043408 0.054956 0.000000
0.054956 0.066503 4.000000
0.066503 0.078051 10.000000
0.078051 0.089598 9.000000
0.089598 0.101146 4.000000
0.101146 0.112693 1.000000
0.112693 0.124241 0.000000
0.124241 0.135788 0.000000
0.135788 0.147336 5.000000
0.147336 0.158883 0.000000
0.158883 0.170430 7.000000
0.170430 0.181978 0.000000
0.181978 0.193525 0.000000
0.193525 0.205073 8.000000
0.205073 0.216620 23.000000
0.216620 0.228168 0.000000
0.228168 0.239715 0.000000
0.239715 0.251263 0.000000
0.251263 0.262810 0.000000
0.262810 0.274358 3.000000
0.274358 0.285905 30.000000
0.285905 0.297453 4.000000
0.297453 0.309000 0.000000
0.309000 0.320548 0.000000
0.320548 0.332095 0.000000
0.332095 0.343643 0.000000
0.343643 0.355190 0.000000
0.355190 0.366737 14.000000
0.366737 0.378285 24.000000
0.378285 0.389832 0.000000
0.389832 0.401380 0.000000
0.401380 0.412927 18.000000
0.412927 0.424475 2.000000
0.424475 0.436022 12.000000
0.436022 0.447570 58.000000
0.447570 0.459117 1.000000
0.459117 0.470665 1.000000
0.470665 0.482212 11.000000
0.482212 0.493760 3.000000
0.493760 0.505307 6.000000
0.505307 0.516855 8.000000
0.516855 0.528402 19.000000
0.528402 0.539950 16.000000
0.539950 0.551497 5.000000
0.551497 0.563044 1.000000
0.563044 0.574592 3.000000
0.574592 0.586139 0.000000
0.586139 0.597687 7.000000
0.597687 0.609234 0.000000
0.609234 0.620782 21.000000
0.620782 0.632329 36.000000
0.632329 0.643877 8.000000
0.643877 0.655424 40.000000
0.655424 0.666972 14.000000
0.666972 0.678519 8.000000
0.678519 0.690067 1.000000
0.690067 0.701614 4.000000
0.701614 0.713162 0.000000
0.713162 0.724709 14.000000
0.724709 0.736257 3.000000
0.736257 0.747804 1.000000
0.747804 0.759351 14.000000
0.759351 0.770899 2.000000
0.770899 0.782446 22.000000
0.782446 0.793994 15.000000
0.793994 0.805541 17.000000
0.805541 0.817089 35.000000
0.817089 0.828636 37.000000
0.828636 0.840184 32.000000
0.840184 0.851731 19.000000
0.851731 0.863279 31.000000
0.863279 0.874826 27.000000
0.874826 0.886374 43.000000
0.886374 0.897921 42.000000
0.897921 0.909469 29.000000
0.909469 0.921016 33.000000
0.921016 0.932564 62.000000
0.932564 0.944111 95.000000
0.944111 0.955659 78.000000
0.955659 0.967206 108.000000
0.967206 0.978753 96.000000
0.978753 0.990301 224.000000
0.990301 1.001848 181.000000
1.001848 1.013396 208.000000
1.013396 1.024943 295.000000
1.024943 1.036491 370.000000
1.036491 1.048038 310.000000
1.048038 1.059586 405.000000
1.059586 1.071133 366.000000
1.071133 1.082681 486.000000
1.082681 1.094228 389.000000
1.094228 1.105776 385.000000
1.105776 1.117323 353.000000
1.117323 1.128871 549.000000
1.128871 1.140418 567.000000
1.140418 1.151966 533.000000
1.151966 1.163513 546.000000
1.163513 1.175060 414.000000
1.175060 1.186608 359.000000
1.186608 1.198155 351.000000
1.198155 1.209703 233.000000
1.209703 1.221250 488.000000
1.221250 1.232798 367.000000
1.232798 1.244345 225.000000
1.244345 1.255893 433.000000
1.255893 1.267440 164.000000
1.267440 1.278988 101.000000
1.278988 1.290535 166.000000
1.290535 1.302083 84.000000
1.302083 1.313630 586.000000
1.313630 1.325178 124.000000
1.325178 1.336725 183.000000
1.336725 1.348273 90.000000
1.348273 1.359820 111.000000
1.359820 1.371367 56.000000
1.371367 1.382915 161.000000
1.382915 1.394462 72.000000
1.394462 1.406010 267.000000
1.406010 1.417557 60.000000
1.417557 1.429105 399.000000
1.429105 1.440652 171.000000
1.440652 1.452200 15.000000
1.452200 1.463747 42.000000
1.463747 1.475295 45.000000
1.475295 1.486842 36.000000
1.486842 1.498390 81.000000
1.498390 1.509937 34.000000
1.509937 1.521485 69.000000
1.521485 1.533032 28.000000
1.533032 1.544580 30.000000
1.544580 1.556127 18.000000
1.556127 1.567674 45.000000
1.567674 1.579222 34.000000
1.579222 1.590769 78.000000
1.590769 1.602317 54.000000
1.602317 1.613864 28.000000
1.613864 1.625412 33.000000
1.625412 1.636959 35.000000
1.636959 1.648507 13.000000
1.648507 1.660054 32.000000
1.660054 1.671602 35.000000
1.671602 1.683149 19.000000
1.683149 1.694697 13.000000
1.694697 1.706244 61.000000
1.706244 1.717792 57.000000
1.717792 1.729339 71.000000
1.729339 1.740887 20.000000
1.740887 1.752434 24.000000
1.752434 1.763981 42.000000
1.763981 1.775529 38.000000
1.775529 1.787076 19.000000
1.787076 1.798624 43.000000
1.798624 1.810171 23.000000
1.810171 1.821719 40.000000
1.821719 1.833266 64.000000
1.833266 1.844814 12.000000
1.844814 1.856361 36.000000
1.856361 1.867909 60.000000
1.867909 1.879456 31.000000
1.879456 1.891004 12.000000
1.891004 1.902551 20.000000
1.902551 1.914099 12.000000
1.914099 1.925646 57.000000
1.925646 1.937194 46.000000
1.937194 1.948741 66.000000
1.948741 1.960288 51.000000
1.960288 1.971836 30.000000
1.971836 1.983383 3.000000
1.983383 1.994931 14.000000
1.994931 2.006478 2.000000
2.006478 2.018026 19.000000
2.018026 2.029573 8.000000
2.029573 2.041121 3.000000
2.041121 2.052668 17.000000
2.052668 2.064216 1.000000
2.064216 2.075763 1.000000
2.075763 2.087311 5.000000
2.087311 2.098858 6.000000
2.098858 2.110406 1.000000
2.110406 2.121953 8.000000
2.121953 2.133501 0.000000
2.133501 2.145048 0.000000
2.145048 2.156595 0.000000
2.156595 2.168143 0.000000
2.168143 2.179690 0.000000
2.179690 2.191238 0.000000
2.191238 2.202785 4.000000
2.202785 2.214333 0.000000
2.214333 2.225880 0.000000
2.225880 2.237428 2.000000
2.237428 2.248975 2.000000
2.248975 2.260523 0.000000
2.260523 2.272070 0.000000
2.272070 2.283618 0.000000
2.283618 2.295165 3.000000
2.295165 2.306713 0.000000
2.306713 2.318260 2.000000
