2431.637558 2431.645060 3.000000
2431.645060 2431.652561 5.000000
2431.652561 2431.660062 1.000000
2431.660062 2431.667563 1.000000
2431.667563 2431.675065 11.000000
2431.675065 2431.682566 1.000000
2431.682566 2431.690067 9.000000
2431.690067 2431.697568 4.000000
2431.697568 2431.705070 7.000000
2431.705070 2431.712571 0.000000
2431.712571 2431.720072 8.000000
2431.720072 2431.727573 0.000000
2431.727573 2431.735075 9.000000
2431.735075 2431.742576 72.000000
2431.742576 2431.750077 15.000000
2431.750077 2431.757578 46.000000
2431.757578 2431.765080 23.000000
2431.765080 2431.772581 11.000000
2431.772581 2431.780082 15.000000
2431.780082 2431.787583 5.000000
2431.787583 2431.795085 16.000000
2431.795085 2431.802586 24.000000
2431.802586 2431.810087 9.000000
2431.810087 2431.817588 2.000000
2431.817588 2431.825090 11.000000
2431.825090 2431.832591 18.000000
2431.832591 2431.840092 8.000000
2431.840092 2431.847593 38.000000
2431.847593 2431.855095 5.000000
2431.855095 2431.862596 22.000000
2431.862596 2431.870097 11.000000
2431.870097 2431.877598 14.000000
2431.877598 2431.885100 18.000000
2431.885100 2431.892601 7.000000
2431.892601 2431.900102 21.000000
2431.900102 2431.907603 33.000000
2431.907603 2431.915105 46.000000
2431.915105 2431.922606 13.000000
2431.922606 2431.930107 5.000000
2431.930107 2431.937608 33.000000
2431.937608 2431.945110 27.000000
2431.945110 2431.952611 10.000000
2431.952611 2431.960112 10.000000
2431.960112 2431.967613 33.000000
2431.967613 2431.975115 4.000000
2431.975115 2431.982616 37.000000
2431.982616 2431.990117 15.000000
2431.990117 2431.997618 34.000000
2431.997618 2432.005120 4.000000
2432.005120 2432.012621 51.000000
2432.012621 2432.020122 25.000000
2432.020122 2432.027623 12.000000
2432.027623 2432.035125 28.000000
2432.035125 2432.042626 20.000000
2432.042626 2432.050127 25.000000
2432.050127 2432.057628 8.000000
2432.057628 2432.065130 35.000000
2432.065130 2432.072631 34.000000
2432.072631 2432.080132 44.000000
2432.080132 2432.087633 34.000000
2432.087633 2432.095135 25.000000
2432.095135 2432.102636 16.000000
2432.102636 2432.110137 37.000000
2432.110137 2432.117638 36.000000
2432.117638 2432.125140 37.000000
2432.125140 2432.132641 82.000000
2432.132641 2432.140142 62.000000
2432.140142 2432.147643 55.000000
2432.147643 2432.155145 35.000000
2432.155145 2432.162646 85.000000
2432.162646 2432.170147 52.000000
2432.170147 2432.177648 55.000000
2432.177648 2432.185150 80.000000
2432.185150 2432.192651 33.000000
2432.192651 2432.200152 61.000000
2432.200152 2432.207653 47.000000
2432.207653 2432.215155 36.000000
2432.215155 2432.222656 38.000000
2432.222656 2432.230157 61.000000
2432.230157 2432.237658 56.000000
2432.237658 2432.245160 133.000000
2432.245160 2432.252661 72.000000
2432.252661 2432.260162 79.000000
2432.260162 2432.267663 50.000000
2432.267663 2432.275165 60.000000
2432.275165 2432.282666 115.000000
2432.282666 2432.290167 72.000000
2432.290167 2432.297668 93.000000
2432.297668 2432.305170 127.000000
2432.305170 2432.312671 74.000000
2432.312671 2432.320172 118.000000
2432.320172 2432.327673 100.000000
2432.327673 2432.335175 38.000000
2432.335175 2432.342676 79.000000
2432.342676 2432.350177 61.000000
2432.350177 2432.357678 67.000000
2432.357678 2432.365180 96.000000
2432.365180 2432.372681 58.000000
2432.372681 2432.380182 114.000000
2432.380182 2432.387683 147.000000
2432.387683 2432.395185 93.000000
2432.395185 2432.402686 112.000000
2432.402686 2432.410187 135.000000
2432.410187 2432.417688 87.000000
2432.417688 2432.425190 123.000000
2432.425190 2432.432691 117.000000
2432.432691 2432.440192 123.000000
2432.440192 2432.447693 74.000000
2432.447693 2432.455195 155.000000
2432.455195 2432.462696 92.000000
2432.462696 2432.470197 88.000000
2432.470197 2432.477698 142.000000
2432.477698 2432.485200 83.000000
2432.485200 2432.492701 100.000000
2432.492701 2432.500202 75.000000
2432.500202 2432.507703 128.000000
2432.507703 2432.515205 80.000000
2432.515205 2432.522706 106.000000
2432.522706 2432.530207 45.000000
2432.530207 2432.537708 58.000000
2432.537708 2432.545210 104.000000
2432.545210 2432.552711 43.000000
2432.552711 2432.560212 112.000000
2432.560212 2432.567713 40.000000
2432.567713 2432.575215 29.000000
2432.575215 2432.582716 33.000000
2432.582716 2432.590217 64.000000
2432.590217 2432.597718 46.000000
2432.597718 2432.605220 35.000000
2432.605220 2432.612721 72.000000
2432.612721 2432.620222 43.000000
2432.620222 2432.627723 81.000000
2432.627723 2432.635225 49.000000
2432.635225 2432.642726 22.000000
2432.642726 2432.650227 40.000000
2432.650227 2432.657728 17.000000
2432.657728 2432.665230 32.000000
2432.665230 2432.672731 36.000000
2432.672731 2432.680232 45.000000
2432.680232 2432.687733 6.000000
2432.687733 2432.695235 30.000000
2432.695235 2432.702736 50.000000
2432.702736 2432.710237 11.000000
2432.710237 2432.717738 12.000000
2432.717738 2432.725240 92.000000
2432.725240 2432.732741 23.000000
2432.732741 2432.740242 4.000000
2432.740242 2432.747743 18.000000
2432.747743 2432.755245 15.000000
2432.755245 2432.762746 1.000000
2432.762746 2432.770247 100.000000
2432.770247 2432.777748 26.000000
2432.777748 2432.785250 14.000000
2432.785250 2432.792751 24.000000
2432.792751 2432.800252 8.000000
2432.800252 2432.807753 50.000000
2432.807753 2432.815255 0.000000
2432.815255 2432.822756 0.000000
2432.822756 2432.830257 3.000000
2432.830257 2432.837758 11.000000
2432.837758 2432.845260 33.000000
2432.845260 2432.852761 14.000000
2432.852761 2432.860262 193.000000
2432.860262 2432.867763 23.000000
2432.867763 2432.875265 0.000000
2432.875265 2432.882766 5.000000
2432.882766 2432.890267 77.000000
2432.890267 2432.897768 0.000000
2432.897768 2432.905270 0.000000
2432.905270 2432.912771 124.000000
2432.912771 2432.920272 10.000000
2432.920272 2432.927773 16.000000
2432.927773 2432.935275 145.000000
2432.935275 2432.942776 0.000000
2432.942776 2432.950277 182.000000
2432.950277 2432.957778 11.000000
2432.957778 2432.965280 248.000000
2432.965280 2432.972781 1.000000
2432.972781 2432.980282 45.000000
2432.980282 2432.987783 18.000000
2432.987783 2432.995285 0.000000
2432.995285 2433.002786 0.000000
2433.002786 2433.010287 102.000000
2433.010287 2433.017788 0.000000
2433.017788 2433.025290 34.000000
2433.025290 2433.032791 0.000000
2433.032791 2433.040292 0.000000
2433.040292 2433.047793 416.000000
2433.047793 2433.055295 96.000000
2433.055295 2433.062796 59.000000
2433.062796 2433.070297 0.000000
2433.070297 2433.077798 30.000000
2433.077798 2433.085300 370.000000
2433.085300 2433.092801 0.000000
2433.092801 2433.100302 0.000000
2433.100302 2433.107804 314.000000
2433.107804 2433.115305 0.000000
2433.115305 2433.122806 33.000000
2433.122806 2433.130307 0.000000
2433.130307 2433.137809 0.000000
