0.664041 0.674704 10.000000
0.674704 0.685368 0.000000
0.685368 0.696032 0.000000
0.696032 0.706695 13.000000
0.706695 0.717359 44.000000
0.717359 0.728022 0.000000
0.728022 0.738686 9.000000
0.738686 0.749350 0.000000
0.749350 0.760013 0.000000
0.760013 0.770677 66.000000
0.770677 0.781340 5.000000
0.781340 0.792004 57.000000
0.792004 0.802667 78.000000
0.802667 0.813331 0.000000
0.813331 0.823995 0.000000
0.823995 0.834658 17.000000
0.834658 0.845322 24.000000
0.845322 0.855985 12.000000
0.855985 0.866649 13.000000
0.866649 0.877313 163.000000
0.877313 0.887976 40.000000
0.887976 0.898640 142.000000
0.898640 0.909303 32.000000
0.909303 0.919967 13.000000
0.919967 0.930630 16.000000
0.930630 0.941294 101.000000
0.941294 0.951958 101.000000
0.951958 0.962621 59.000000
0.962621 0.973285 76.000000
0.973285 0.983948 74.000000
0.983948 0.994612 110.000000
0.994612 1.005276 94.000000
1.005276 1.015939 81.000000
1.015939 1.026603 164.000000
1.026603 1.037266 25.000000
1.037266 1.047930 43.000000
1.047930 1.058594 687.000000
1.058594 1.069257 71.000000
1.069257 1.079921 211.000000
1.079921 1.090584 90.000000
1.090584 1.101248 107.000000
1.101248 1.111911 37.000000
1.111911 1.122575 152.000000
1.122575 1.133239 298.000000
1.133239 1.143902 34.000000
1.143902 1.154566 16.000000
1.154566 1.165229 4.000000
1.165229 1.175893 40.000000
1.175893 1.186557 1.000000
1.186557 1.197220 245.000000
1.197220 1.207884 34.000000
1.207884 1.218547 2.000000
1.218547 1.229211 7.000000
1.229211 1.239875 13.000000
1.239875 1.250538 7.000000
1.250538 1.261202 0.000000
1.261202 1.271865 7.000000
1.271865 1.282529 6.000000
1.282529 1.293192 12.000000
1.293192 1.303856 2.000000
1.303856 1.314520 11.000000
1.314520 1.325183 5.000000
1.325183 1.335847 43.000000
1.335847 1.346510 15.000000
1.346510 1.357174 49.000000
1.357174 1.367838 23.000000
1.367838 1.378501 25.000000
1.378501 1.389165 42.000000
1.389165 1.399828 17.000000
1.399828 1.410492 16.000000
1.410492 1.421155 10.000000
1.421155 1.431819 11.000000
1.431819 1.442483 9.000000
1.442483 1.453146 4.000000
1.453146 1.463810 33.000000
1.463810 1.474473 6.000000
1.474473 1.485137 28.000000
1.485137 1.495801 29.000000
1.495801 1.506464 37.000000
1.506464 1.517128 21.000000
1.517128 1.527791 14.000000
1.527791 1.538455 7.000000
1.538455 1.549119 28.000000
1.549119 1.559782 14.000000
1.559782 1.570446 22.000000
1.570446 1.581109 31.000000
1.581109 1.591773 49.000000
1.591773 1.602436 4.000000
1.602436 1.613100 3.000000
1.613100 1.623764 40.000000
1.623764 1.634427 11.000000
1.634427 1.645091 41.000000
1.645091 1.655754 14.000000
1.655754 1.666418 7.000000
1.666418 1.677082 20.000000
1.677082 1.687745 5.000000
1.687745 1.698409 13.000000
1.698409 1.709072 5.000000
1.709072 1.719736 0.000000
1.719736 1.730400 7.000000
1.730400 1.741063 3.000000
1.741063 1.751727 6.000000
1.751727 1.762390 8.000000
1.762390 1.773054 63.000000
1.773054 1.783717 10.000000
1.783717 1.794381 0.000000
1.794381 1.805045 23.000000
1.805045 1.815708 6.000000
1.815708 1.826372 2.000000
1.826372 1.837035 11.000000
1.837035 1.847699 0.000000
1.847699 1.858363 17.000000
1.858363 1.869026 19.000000
1.869026 1.879690 0.000000
1.879690 1.890353 3.000000
1.890353 1.901017 0.000000
1.901017 1.911680 0.000000
1.911680 1.922344 0.000000
1.922344 1.933008 4.000000
1.933008 1.943671 8.000000
1.943671 1.954335 0.000000
1.954335 1.964998 6.000000
1.964998 1.975662 6.000000
1.975662 1.986326 9.000000
1.986326 1.996989 5.000000
1.996989 2.007653 0.000000
2.007653 2.018316 0.000000
2.018316 2.028980 4.000000
2.028980 2.039644 1.000000
2.039644 2.050307 0.000000
2.050307 2.060971 0.000000
2.060971 2.071634 0.000000
2.071634 2.082298 0.000000
2.082298 2.092961 0.000000
2.092961 2.103625 0.000000
2.103625 2.114289 0.000000
2.114289 2.124952 0.000000
2.124952 2.135616 0.000000
2.135616 2.146279 0.000000
2.146279 2.156943 0.000000
2.156943 2.167607 0.000000
2.167607 2.178270 0.000000
2.178270 2.188934 0.000000
2.188934 2.199597 3.000000
2.199597 2.210261 0.000000
2.210261 2.220925 0.000000
2.220925 2.231588 0.000000
2.231588 2.242252 23.000000
2.242252 2.252915 18.000000
2.252915 2.263579 0.000000
2.263579 2.274242 0.000000
2.274242 2.284906 0.000000
2.284906 2.295570 0.000000
2.295570 2.306233 0.000000
2.306233 2.316897 4.000000
2.316897 2.327560 1.000000
2.327560 2.338224 25.000000
2.338224 2.348888 3.000000
2.348888 2.359551 0.000000
2.359551 2.370215 2.000000
2.370215 2.380878 5.000000
2.380878 2.391542 0.000000
2.391542 2.402206 0.000000
2.402206 2.412869 1.000000
2.412869 2.423533 0.000000
2.423533 2.434196 23.000000
2.434196 2.444860 6.000000
2.444860 2.455523 0.000000
2.455523 2.466187 0.000000
2.466187 2.476851 7.000000
2.476851 2.487514 13.000000
2.487514 2.498178 0.000000
2.498178 2.508841 2.000000
2.508841 2.519505 0.000000
2.519505 2.530169 0.000000
2.530169 2.540832 0.000000
2.540832 2.551496 0.000000
2.551496 2.562159 23.000000
2.562159 2.572823 0.000000
2.572823 2.583486 0.000000
2.583486 2.594150 0.000000
2.594150 2.604814 23.000000
2.604814 2.615477 4.000000
2.615477 2.626141 0.000000
2.626141 2.636804 3.000000
2.636804 2.647468 0.000000
2.647468 2.658132 4.000000
2.658132 2.668795 0.000000
2.668795 2.679459 39.000000
2.679459 2.690122 0.000000
2.690122 2.700786 0.000000
2.700786 2.711450 0.000000
2.711450 2.722113 0.000000
2.722113 2.732777 0.000000
2.732777 2.743440 0.000000
2.743440 2.754104 0.000000
2.754104 2.764767 10.000000
2.764767 2.775431 0.000000
2.775431 2.786095 0.000000
2.786095 2.796758 0.000000
