2442.808353 2442.811171 5.000000
2442.811171 2442.813989 0.000000
2442.813989 2442.816807 0.000000
2442.816807 2442.819625 0.000000
2442.819625 2442.822443 0.000000
2442.822443 2442.825261 0.000000
2442.825261 2442.828079 0.000000
2442.828079 2442.830897 0.000000
2442.830897 2442.833715 133.000000
2442.833715 2442.836533 0.000000
2442.836533 2442.839351 22.000000
2442.839351 2442.842169 51.000000
2442.842169 2442.844987 0.000000
2442.844987 2442.847805 11.000000
2442.847805 2442.850623 1.000000
2442.850623 2442.853441 2.000000
2442.853441 2442.856259 0.000000
2442.856259 2442.859077 0.000000
2442.859077 2442.861895 0.000000
2442.861895 2442.864713 4.000000
2442.864713 2442.867531 0.000000
2442.867531 2442.870349 0.000000
2442.870349 2442.873167 0.000000
2442.873167 2442.875985 17.000000
2442.875985 2442.878803 4.000000
2442.878803 2442.881621 28.000000
2442.881621 2442.884439 21.000000
2442.884439 2442.887257 41.000000
2442.887257 2442.890075 4.000000
2442.890075 2442.892893 8.000000
2442.892893 2442.895711 0.000000
2442.895711 2442.898529 6.000000
2442.898529 2442.901347 10.000000
2442.901347 2442.904165 2.000000
2442.904165 2442.906983 7.000000
2442.906983 2442.909801 10.000000
2442.909801 2442.912619 19.000000
2442.912619 2442.915437 10.000000
2442.915437 2442.918256 12.000000
2442.918256 2442.921074 17.000000
2442.921074 2442.923892 3.000000
2442.923892 2442.926710 32.000000
2442.926710 2442.929528 0.000000
2442.929528 2442.932346 10.000000
2442.932346 2442.935164 127.000000
2442.935164 2442.937982 19.000000
2442.937982 2442.940800 22.000000
2442.940800 2442.943618 843.000000
2442.943618 2442.946436 12.000000
2442.946436 2442.949254 67.000000
2442.949254 2442.952072 49.000000
2442.952072 2442.954890 29.000000
2442.954890 2442.957708 13.000000
2442.957708 2442.960526 123.000000
2442.960526 2442.963344 55.000000
2442.963344 2442.966162 56.000000
2442.966162 2442.968980 66.000000
2442.968980 2442.971798 35.000000
2442.971798 2442.974616 58.000000
2442.974616 2442.977434 35.000000
2442.977434 2442.980252 44.000000
2442.980252 2442.983070 14.000000
2442.983070 2442.985888 82.000000
2442.985888 2442.988706 20.000000
2442.988706 2442.991524 11.000000
2442.991524 2442.994342 22.000000
2442.994342 2442.997160 40.000000
2442.997160 2442.999978 77.000000
2442.999978 2443.002796 70.000000
2443.002796 2443.005614 234.000000
2443.005614 2443.008432 29.000000
2443.008432 2443.011250 25.000000
2443.011250 2443.014068 51.000000
2443.014068 2443.016886 159.000000
2443.016886 2443.019704 35.000000
2443.019704 2443.022522 148.000000
2443.022522 2443.025340 93.000000
2443.025340 2443.028158 66.000000
2443.028158 2443.030976 89.000000
2443.030976 2443.033794 92.000000
2443.033794 2443.036612 95.000000
2443.036612 2443.039430 187.000000
2443.039430 2443.042249 103.000000
2443.042249 2443.045067 157.000000
2443.045067 2443.047885 27.000000
2443.047885 2443.050703 69.000000
2443.050703 2443.053521 136.000000
2443.053521 2443.056339 190.000000
2443.056339 2443.059157 109.000000
2443.059157 2443.061975 70.000000
2443.061975 2443.064793 300.000000
2443.064793 2443.067611 145.000000
2443.067611 2443.070429 108.000000
2443.070429 2443.073247 101.000000
2443.073247 2443.076065 75.000000
2443.076065 2443.078883 130.000000
2443.078883 2443.081701 67.000000
2443.081701 2443.084519 167.000000
2443.084519 2443.087337 39.000000
2443.087337 2443.090155 104.000000
2443.090155 2443.092973 97.000000
2443.092973 2443.095791 147.000000
2443.095791 2443.098609 90.000000
2443.098609 2443.101427 72.000000
2443.101427 2443.104245 176.000000
2443.104245 2443.107063 84.000000
2443.107063 2443.109881 75.000000
2443.109881 2443.112699 137.000000
2443.112699 2443.115517 117.000000
2443.115517 2443.118335 169.000000
2443.118335 2443.121153 66.000000
2443.121153 2443.123971 128.000000
2443.123971 2443.126789 95.000000
2443.126789 2443.129607 47.000000
2443.129607 2443.132425 52.000000
2443.132425 2443.135243 52.000000
2443.135243 2443.138061 150.000000
2443.138061 2443.140879 67.000000
2443.140879 2443.143697 142.000000
2443.143697 2443.146515 103.000000
2443.146515 2443.149333 364.000000
2443.149333 2443.152151 74.000000
2443.152151 2443.154969 48.000000
2443.154969 2443.157787 105.000000
2443.157787 2443.160605 99.000000
2443.160605 2443.163424 73.000000
2443.163424 2443.166242 119.000000
2443.166242 2443.169060 52.000000
2443.169060 2443.171878 62.000000
2443.171878 2443.174696 60.000000
2443.174696 2443.177514 58.000000
2443.177514 2443.180332 51.000000
2443.180332 2443.183150 54.000000
2443.183150 2443.185968 57.000000
2443.185968 2443.188786 8.000000
2443.188786 2443.191604 37.000000
2443.191604 2443.194422 60.000000
2443.194422 2443.197240 23.000000
2443.197240 2443.200058 56.000000
2443.200058 2443.202876 46.000000
2443.202876 2443.205694 51.000000
2443.205694 2443.208512 65.000000
2443.208512 2443.211330 21.000000
2443.211330 2443.214148 11.000000
2443.214148 2443.216966 27.000000
2443.216966 2443.219784 29.000000
2443.219784 2443.222602 13.000000
2443.222602 2443.225420 4.000000
2443.225420 2443.228238 13.000000
2443.228238 2443.231056 20.000000
2443.231056 2443.233874 18.000000
2443.233874 2443.236692 4.000000
2443.236692 2443.239510 18.000000
2443.239510 2443.242328 7.000000
2443.242328 2443.245146 2.000000
2443.245146 2443.247964 15.000000
2443.247964 2443.250782 6.000000
2443.250782 2443.253600 15.000000
2443.253600 2443.256418 12.000000
2443.256418 2443.259236 17.000000
2443.259236 2443.262054 10.000000
2443.262054 2443.264872 6.000000
2443.264872 2443.267690 1.000000
2443.267690 2443.270508 12.000000
2443.270508 2443.273326 19.000000
2443.273326 2443.276144 1.000000
2443.276144 2443.278962 8.000000
2443.278962 2443.281780 9.000000
2443.281780 2443.284599 3.000000
2443.284599 2443.287417 0.000000
2443.287417 2443.290235 2.000000
2443.290235 2443.293053 2.000000
2443.293053 2443.295871 0.000000
2443.295871 2443.298689 0.000000
2443.298689 2443.301507 4.000000
2443.301507 2443.304325 4.000000
2443.304325 2443.307143 2.000000
2443.307143 2443.309961 0.000000
2443.309961 2443.312779 2.000000
2443.312779 2443.315597 11.000000
2443.315597 2443.318415 0.000000
2443.318415 2443.321233 6.000000
2443.321233 2443.324051 0.000000
2443.324051 2443.326869 1.000000
2443.326869 2443.329687 0.000000
2443.329687 2443.332505 10.000000
2443.332505 2443.335323 8.000000
2443.335323 2443.338141 4.000000
2443.338141 2443.340959 0.000000
2443.340959 2443.343777 0.000000
2443.343777 2443.346595 3.000000
2443.346595 2443.349413 15.000000
2443.349413 2443.352231 2.000000
2443.352231 2443.355049 18.000000
2443.355049 2443.357867 1.000000
2443.357867 2443.360685 5.000000
2443.360685 2443.363503 0.000000
2443.363503 2443.366321 11.000000
2443.366321 2443.369139 0.000000
2443.369139 2443.371957 0.000000
