0.000010 0.002626 52.000000
0.002626 0.005242 23.000000
0.005242 0.007857 42.000000
0.007857 0.010473 61.000000
0.010473 0.013089 19.000000
0.013089 0.015705 27.000000
0.015705 0.018321 20.000000
0.018321 0.020937 35.000000
0.020937 0.023553 18.000000
0.023553 0.026169 108.000000
0.026169 0.028785 64.000000
0.028785 0.031400 64.000000
0.031400 0.034016 58.000000
0.034016 0.036632 36.000000
0.036632 0.039248 45.000000
0.039248 0.041864 68.000000
0.041864 0.044480 50.000000
0.044480 0.047096 70.000000
0.047096 0.049712 61.000000
0.049712 0.052328 61.000000
0.052328 0.054943 91.000000
0.054943 0.057559 89.000000
0.057559 0.060175 86.000000
0.060175 0.062791 124.000000
0.062791 0.065407 54.000000
0.065407 0.068023 85.000000
0.068023 0.070639 89.000000
0.070639 0.073255 73.000000
0.073255 0.075871 519.000000
0.075871 0.078486 101.000000
0.078486 0.081102 55.000000
0.081102 0.083718 98.000000
0.083718 0.086334 133.000000
0.086334 0.088950 81.000000
0.088950 0.091566 90.000000
0.091566 0.094182 88.000000
0.094182 0.096798 95.000000
0.096798 0.099414 129.000000
0.099414 0.102030 96.000000
0.102030 0.104645 44.000000
0.104645 0.107261 108.000000
0.107261 0.109877 157.000000
0.109877 0.112493 59.000000
0.112493 0.115109 94.000000
0.115109 0.117725 128.000000
0.117725 0.120341 117.000000
0.120341 0.122957 109.000000
0.122957 0.125573 94.000000
0.125573 0.128188 201.000000
0.128188 0.130804 95.000000
0.130804 0.133420 139.000000
0.133420 0.136036 143.000000
0.136036 0.138652 155.000000
0.138652 0.141268 64.000000
0.141268 0.143884 34.000000
0.143884 0.146500 93.000000
0.146500 0.149116 106.000000
0.149116 0.151731 92.000000
0.151731 0.154347 88.000000
0.154347 0.156963 545.000000
0.156963 0.159579 65.000000
0.159579 0.162195 85.000000
0.162195 0.164811 102.000000
0.164811 0.167427 192.000000
0.167427 0.170043 59.000000
0.170043 0.172659 109.000000
0.172659 0.175274 95.000000
0.175274 0.177890 50.000000
0.177890 0.180506 78.000000
0.180506 0.183122 75.000000
0.183122 0.185738 64.000000
0.185738 0.188354 35.000000
0.188354 0.190970 162.000000
0.190970 0.193586 104.000000
0.193586 0.196202 66.000000
0.196202 0.198817 64.000000
0.198817 0.201433 44.000000
0.201433 0.204049 81.000000
0.204049 0.206665 52.000000
0.206665 0.209281 44.000000
0.209281 0.211897 31.000000
0.211897 0.214513 88.000000
0.214513 0.217129 171.000000
0.217129 0.219745 45.000000
0.219745 0.222360 42.000000
0.222360 0.224976 776.000000
0.224976 0.227592 53.000000
0.227592 0.230208 61.000000
0.230208 0.232824 48.000000
0.232824 0.235440 81.000000
0.235440 0.238056 70.000000
0.238056 0.240672 39.000000
0.240672 0.243288 18.000000
0.243288 0.245903 22.000000
0.245903 0.248519 46.000000
0.248519 0.251135 7.000000
0.251135 0.253751 48.000000
0.253751 0.256367 5.000000
0.256367 0.258983 48.000000
0.258983 0.261599 23.000000
0.261599 0.264215 20.000000
0.264215 0.266831 1.000000
0.266831 0.269446 32.000000
0.269446 0.272062 29.000000
0.272062 0.274678 45.000000
0.274678 0.277294 7.000000
0.277294 0.279910 47.000000
0.279910 0.282526 53.000000
0.282526 0.285142 27.000000
0.285142 0.287758 5.000000
0.287758 0.290374 9.000000
0.290374 0.292989 41.000000
0.292989 0.295605 5.000000
0.295605 0.298221 0.000000
0.298221 0.300837 19.000000
0.300837 0.303453 11.000000
0.303453 0.306069 7.000000
0.306069 0.308685 3.000000
0.308685 0.311301 5.000000
0.311301 0.313917 7.000000
0.313917 0.316532 5.000000
0.316532 0.319148 0.000000
0.319148 0.321764 20.000000
0.321764 0.324380 11.000000
0.324380 0.326996 0.000000
0.326996 0.329612 17.000000
0.329612 0.332228 1.000000
0.332228 0.334844 25.000000
0.334844 0.337460 0.000000
0.337460 0.340075 0.000000
0.340075 0.342691 66.000000
0.342691 0.345307 64.000000
0.345307 0.347923 1.000000
0.347923 0.350539 5.000000
0.350539 0.353155 4.000000
0.353155 0.355771 0.000000
0.355771 0.358387 0.000000
0.358387 0.361003 22.000000
0.361003 0.363618 2.000000
0.363618 0.366234 0.000000
0.366234 0.368850 1.000000
0.368850 0.371466 0.000000
0.371466 0.374082 0.000000
0.374082 0.376698 2.000000
0.376698 0.379314 0.000000
0.379314 0.381930 0.000000
0.381930 0.384546 0.000000
0.384546 0.387161 0.000000
0.387161 0.389777 0.000000
0.389777 0.392393 0.000000
0.392393 0.395009 0.000000
0.395009 0.397625 0.000000
0.397625 0.400241 0.000000
0.400241 0.402857 0.000000
0.402857 0.405473 1.000000
0.405473 0.408089 47.000000
0.408089 0.410704 54.000000
0.410704 0.413320 0.000000
0.413320 0.415936 0.000000
0.415936 0.418552 0.000000
0.418552 0.421168 7.000000
0.421168 0.423784 0.000000
0.423784 0.426400 14.000000
0.426400 0.429016 16.000000
0.429016 0.431632 0.000000
0.431632 0.434247 16.000000
0.434247 0.436863 0.000000
0.436863 0.439479 0.000000
0.439479 0.442095 2.000000
0.442095 0.444711 0.000000
0.444711 0.447327 7.000000
0.447327 0.449943 0.000000
0.449943 0.452559 0.000000
0.452559 0.455175 18.000000
0.455175 0.457790 0.000000
0.457790 0.460406 0.000000
0.460406 0.463022 0.000000
0.463022 0.465638 0.000000
0.465638 0.468254 12.000000
0.468254 0.470870 0.000000
0.470870 0.473486 0.000000
0.473486 0.476102 8.000000
0.476102 0.478718 0.000000
0.478718 0.481333 0.000000
0.481333 0.483949 3.000000
0.483949 0.486565 0.000000
0.486565 0.489181 0.000000
0.489181 0.491797 0.000000
0.491797 0.494413 0.000000
0.494413 0.497029 0.000000
0.497029 0.499645 0.000000
0.499645 0.502261 0.000000
0.502261 0.504877 0.000000
0.504877 0.507492 0.000000
0.507492 0.510108 0.000000
0.510108 0.512724 0.000000
0.512724 0.515340 0.000000
0.515340 0.517956 0.000000
0.517956 0.520572 0.000000
0.520572 0.523188 0.000000
