2431.521097 2431.529924 3.000000
2431.529924 2431.538751 6.000000
2431.538751 2431.547578 0.000000
2431.547578 2431.556405 3.000000
2431.556405 2431.565231 4.000000
2431.565231 2431.574058 4.000000
2431.574058 2431.582885 1.000000
2431.582885 2431.591712 17.000000
2431.591712 2431.600539 9.000000
2431.600539 2431.609366 3.000000
2431.609366 2431.618193 6.000000
2431.618193 2431.627019 1.000000
2431.627019 2431.635846 7.000000
2431.635846 2431.644673 13.000000
2431.644673 2431.653500 18.000000
2431.653500 2431.662327 9.000000
2431.662327 2431.671154 18.000000
2431.671154 2431.679981 0.000000
2431.679981 2431.688807 15.000000
2431.688807 2431.697634 18.000000
2431.697634 2431.706461 9.000000
2431.706461 2431.715288 4.000000
2431.715288 2431.724115 6.000000
2431.724115 2431.732942 31.000000
2431.732942 2431.741769 35.000000
2431.741769 2431.750595 34.000000
2431.750595 2431.759422 28.000000
2431.759422 2431.768249 23.000000
2431.768249 2431.777076 33.000000
2431.777076 2431.785903 92.000000
2431.785903 2431.794730 22.000000
2431.794730 2431.803557 67.000000
2431.803557 2431.812383 119.000000
2431.812383 2431.821210 44.000000
2431.821210 2431.830037 77.000000
2431.830037 2431.838864 40.000000
2431.838864 2431.847691 65.000000
2431.847691 2431.856518 63.000000
2431.856518 2431.865345 22.000000
2431.865345 2431.874171 114.000000
2431.874171 2431.882998 97.000000
2431.882998 2431.891825 63.000000
2431.891825 2431.900652 62.000000
2431.900652 2431.909479 50.000000
2431.909479 2431.918306 74.000000
2431.918306 2431.927132 47.000000
2431.927132 2431.935959 48.000000
2431.935959 2431.944786 64.000000
2431.944786 2431.953613 43.000000
2431.953613 2431.962440 65.000000
2431.962440 2431.971267 48.000000
2431.971267 2431.980094 41.000000
2431.980094 2431.988920 111.000000
2431.988920 2431.997747 87.000000
2431.997747 2432.006574 31.000000
2432.006574 2432.015401 65.000000
2432.015401 2432.024228 31.000000
2432.024228 2432.033055 15.000000
2432.033055 2432.041882 60.000000
2432.041882 2432.050708 27.000000
2432.050708 2432.059535 31.000000
2432.059535 2432.068362 41.000000
2432.068362 2432.077189 13.000000
2432.077189 2432.086016 20.000000
2432.086016 2432.094843 18.000000
2432.094843 2432.103670 33.000000
2432.103670 2432.112496 38.000000
2432.112496 2432.121323 72.000000
2432.121323 2432.130150 107.000000
2432.130150 2432.138977 31.000000
2432.138977 2432.147804 46.000000
2432.147804 2432.156631 56.000000
2432.156631 2432.165458 104.000000
2432.165458 2432.174284 34.000000
2432.174284 2432.183111 52.000000
2432.183111 2432.191938 83.000000
2432.191938 2432.200765 70.000000
2432.200765 2432.209592 46.000000
2432.209592 2432.218419 46.000000
2432.218419 2432.227246 60.000000
2432.227246 2432.236072 37.000000
2432.236072 2432.244899 59.000000
2432.244899 2432.253726 66.000000
2432.253726 2432.262553 36.000000
2432.262553 2432.271380 145.000000
2432.271380 2432.280207 81.000000
2432.280207 2432.289033 87.000000
2432.289033 2432.297860 41.000000
2432.297860 2432.306687 105.000000
2432.306687 2432.315514 61.000000
2432.315514 2432.324341 70.000000
2432.324341 2432.333168 89.000000
2432.333168 2432.341995 62.000000
2432.341995 2432.350821 59.000000
2432.350821 2432.359648 65.000000
2432.359648 2432.368475 59.000000
2432.368475 2432.377302 57.000000
2432.377302 2432.386129 56.000000
2432.386129 2432.394956 87.000000
2432.394956 2432.403783 107.000000
2432.403783 2432.412609 25.000000
2432.412609 2432.421436 39.000000
2432.421436 2432.430263 79.000000
2432.430263 2432.439090 68.000000
2432.439090 2432.447917 42.000000
2432.447917 2432.456744 69.000000
2432.456744 2432.465571 80.000000
2432.465571 2432.474397 148.000000
2432.474397 2432.483224 73.000000
2432.483224 2432.492051 73.000000
2432.492051 2432.500878 59.000000
2432.500878 2432.509705 73.000000
2432.509705 2432.518532 80.000000
2432.518532 2432.527359 67.000000
2432.527359 2432.536185 47.000000
2432.536185 2432.545012 37.000000
2432.545012 2432.553839 73.000000
2432.553839 2432.562666 27.000000
2432.562666 2432.571493 77.000000
2432.571493 2432.580320 51.000000
2432.580320 2432.589147 58.000000
2432.589147 2432.597973 32.000000
2432.597973 2432.606800 43.000000
2432.606800 2432.615627 52.000000
2432.615627 2432.624454 38.000000
2432.624454 2432.633281 24.000000
2432.633281 2432.642108 29.000000
2432.642108 2432.650934 20.000000
2432.650934 2432.659761 30.000000
2432.659761 2432.668588 63.000000
2432.668588 2432.677415 27.000000
2432.677415 2432.686242 26.000000
2432.686242 2432.695069 50.000000
2432.695069 2432.703896 22.000000
2432.703896 2432.712722 73.000000
2432.712722 2432.721549 18.000000
2432.721549 2432.730376 10.000000
2432.730376 2432.739203 18.000000
2432.739203 2432.748030 2.000000
2432.748030 2432.756857 17.000000
2432.756857 2432.765684 10.000000
2432.765684 2432.774510 17.000000
2432.774510 2432.783337 8.000000
2432.783337 2432.792164 36.000000
2432.792164 2432.800991 56.000000
2432.800991 2432.809818 15.000000
2432.809818 2432.818645 2.000000
2432.818645 2432.827472 30.000000
2432.827472 2432.836298 445.000000
2432.836298 2432.845125 15.000000
2432.845125 2432.853952 0.000000
2432.853952 2432.862779 21.000000
2432.862779 2432.871606 360.000000
2432.871606 2432.880433 13.000000
2432.880433 2432.889260 119.000000
2432.889260 2432.898086 126.000000
2432.898086 2432.906913 162.000000
2432.906913 2432.915740 262.000000
2432.915740 2432.924567 9.000000
2432.924567 2432.933394 21.000000
2432.933394 2432.942221 36.000000
2432.942221 2432.951048 8.000000
2432.951048 2432.959874 10.000000
2432.959874 2432.968701 30.000000
2432.968701 2432.977528 9.000000
2432.977528 2432.986355 61.000000
2432.986355 2432.995182 2.000000
2432.995182 2433.004009 63.000000
2433.004009 2433.012835 51.000000
2433.012835 2433.021662 0.000000
2433.021662 2433.030489 70.000000
2433.030489 2433.039316 10.000000
2433.039316 2433.048143 42.000000
2433.048143 2433.056970 24.000000
2433.056970 2433.065797 179.000000
2433.065797 2433.074623 0.000000
2433.074623 2433.083450 0.000000
2433.083450 2433.092277 79.000000
2433.092277 2433.101104 7.000000
2433.101104 2433.109931 0.000000
2433.109931 2433.118758 8.000000
2433.118758 2433.127585 2.000000
2433.127585 2433.136411 88.000000
2433.136411 2433.145238 12.000000
2433.145238 2433.154065 107.000000
2433.154065 2433.162892 76.000000
2433.162892 2433.171719 35.000000
2433.171719 2433.180546 432.000000
2433.180546 2433.189373 0.000000
2433.189373 2433.198199 85.000000
2433.198199 2433.207026 0.000000
2433.207026 2433.215853 0.000000
2433.215853 2433.224680 0.000000
2433.224680 2433.233507 159.000000
2433.233507 2433.242334 0.000000
2433.242334 2433.251161 0.000000
2433.251161 2433.259987 0.000000
2433.259987 2433.268814 0.000000
2433.268814 2433.277641 0.000000
2433.277641 2433.286468 1.000000
