1.056594 1.066569 28.000000
1.066569 1.076544 3.000000
1.076544 1.086518 0.000000
1.086518 1.096493 0.000000
1.096493 1.106468 57.000000
1.106468 1.116443 0.000000
1.116443 1.126418 125.000000
1.126418 1.136392 85.000000
1.136392 1.146367 111.000000
1.146367 1.156342 290.000000
1.156342 1.166317 0.000000
1.166317 1.176292 255.000000
1.176292 1.186267 301.000000
1.186267 1.196241 0.000000
1.196241 1.206216 118.000000
1.206216 1.216191 0.000000
1.216191 1.226166 66.000000
1.226166 1.236141 340.000000
1.236141 1.246116 617.000000
1.246116 1.256090 52.000000
1.256090 1.266065 34.000000
1.266065 1.276040 34.000000
1.276040 1.286015 297.000000
1.286015 1.295990 196.000000
1.295990 1.305964 153.000000
1.305964 1.315939 41.000000
1.315939 1.325914 0.000000
1.325914 1.335889 11.000000
1.335889 1.345864 56.000000
1.345864 1.355839 11.000000
1.355839 1.365813 9.000000
1.365813 1.375788 6.000000
1.375788 1.385763 66.000000
1.385763 1.395738 21.000000
1.395738 1.405713 0.000000
1.405713 1.415688 0.000000
1.415688 1.425662 0.000000
1.425662 1.435637 0.000000
1.435637 1.445612 0.000000
1.445612 1.455587 4.000000
1.455587 1.465562 8.000000
1.465562 1.475536 6.000000
1.475536 1.485511 55.000000
1.485511 1.495486 2.000000
1.495486 1.505461 4.000000
1.505461 1.515436 35.000000
1.515436 1.525411 12.000000
1.525411 1.535385 14.000000
1.535385 1.545360 44.000000
1.545360 1.555335 0.000000
1.555335 1.565310 11.000000
1.565310 1.575285 47.000000
1.575285 1.585260 13.000000
1.585260 1.595234 17.000000
1.595234 1.605209 16.000000
1.605209 1.615184 12.000000
1.615184 1.625159 36.000000
1.625159 1.635134 7.000000
1.635134 1.645108 20.000000
1.645108 1.655083 5.000000
1.655083 1.665058 1.000000
1.665058 1.675033 20.000000
1.675033 1.685008 30.000000
1.685008 1.694983 20.000000
1.694983 1.704957 41.000000
1.704957 1.714932 20.000000
1.714932 1.724907 2.000000
1.724907 1.734882 16.000000
1.734882 1.744857 50.000000
1.744857 1.754831 11.000000
1.754831 1.764806 23.000000
1.764806 1.774781 2.000000
1.774781 1.784756 24.000000
1.784756 1.794731 8.000000
1.794731 1.804706 11.000000
1.804706 1.814680 11.000000
1.814680 1.824655 0.000000
1.824655 1.834630 15.000000
1.834630 1.844605 14.000000
1.844605 1.854580 4.000000
1.854580 1.864555 18.000000
1.864555 1.874529 19.000000
1.874529 1.884504 30.000000
1.884504 1.894479 14.000000
1.894479 1.904454 46.000000
1.904454 1.914429 8.000000
1.914429 1.924403 45.000000
1.924403 1.934378 33.000000
1.934378 1.944353 57.000000
1.944353 1.954328 59.000000
1.954328 1.964303 52.000000
1.964303 1.974278 69.000000
1.974278 1.984252 54.000000
1.984252 1.994227 78.000000
1.994227 2.004202 82.000000
2.004202 2.014177 84.000000
2.014177 2.024152 54.000000
2.024152 2.034127 133.000000
2.034127 2.044101 61.000000
2.044101 2.054076 61.000000
2.054076 2.064051 64.000000
2.064051 2.074026 88.000000
2.074026 2.084001 95.000000
2.084001 2.093975 133.000000
2.093975 2.103950 100.000000
2.103950 2.113925 88.000000
2.113925 2.123900 85.000000
2.123900 2.133875 118.000000
2.133875 2.143850 51.000000
2.143850 2.153824 107.000000
2.153824 2.163799 94.000000
2.163799 2.173774 108.000000
2.173774 2.183749 85.000000
2.183749 2.193724 103.000000
2.193724 2.203698 60.000000
2.203698 2.213673 101.000000
2.213673 2.223648 58.000000
2.223648 2.233623 91.000000
2.233623 2.243598 57.000000
2.243598 2.253573 89.000000
2.253573 2.263547 103.000000
2.263547 2.273522 61.000000
2.273522 2.283497 85.000000
2.283497 2.293472 69.000000
2.293472 2.303447 69.000000
2.303447 2.313422 89.000000
2.313422 2.323396 36.000000
2.323396 2.333371 133.000000
2.333371 2.343346 66.000000
2.343346 2.353321 71.000000
2.353321 2.363296 40.000000
2.363296 2.373270 75.000000
2.373270 2.383245 49.000000
2.383245 2.393220 48.000000
2.393220 2.403195 109.000000
2.403195 2.413170 41.000000
2.413170 2.423145 107.000000
2.423145 2.433119 91.000000
2.433119 2.443094 57.000000
2.443094 2.453069 133.000000
2.453069 2.463044 71.000000
2.463044 2.473019 43.000000
2.473019 2.482994 131.000000
2.482994 2.492968 66.000000
2.492968 2.502943 39.000000
2.502943 2.512918 49.000000
2.512918 2.522893 87.000000
2.522893 2.532868 42.000000
2.532868 2.542842 57.000000
2.542842 2.552817 65.000000
2.552817 2.562792 32.000000
2.562792 2.572767 34.000000
2.572767 2.582742 24.000000
2.582742 2.592717 39.000000
2.592717 2.602691 46.000000
2.602691 2.612666 27.000000
2.612666 2.622641 48.000000
2.622641 2.632616 26.000000
2.632616 2.642591 45.000000
2.642591 2.652566 42.000000
2.652566 2.662540 35.000000
2.662540 2.672515 36.000000
2.672515 2.682490 32.000000
2.682490 2.692465 38.000000
2.692465 2.702440 32.000000
2.702440 2.712414 61.000000
2.712414 2.722389 24.000000
2.722389 2.732364 17.000000
2.732364 2.742339 38.000000
2.742339 2.752314 12.000000
2.752314 2.762289 4.000000
2.762289 2.772263 19.000000
2.772263 2.782238 48.000000
2.782238 2.792213 22.000000
2.792213 2.802188 26.000000
2.802188 2.812163 7.000000
2.812163 2.822137 9.000000
2.822137 2.832112 18.000000
2.832112 2.842087 23.000000
2.842087 2.852062 3.000000
2.852062 2.862037 5.000000
2.862037 2.872012 2.000000
2.872012 2.881986 0.000000
2.881986 2.891961 8.000000
2.891961 2.901936 0.000000
2.901936 2.911911 2.000000
2.911911 2.921886 4.000000
2.921886 2.931861 0.000000
2.931861 2.941835 0.000000
2.941835 2.951810 3.000000
2.951810 2.961785 10.000000
2.961785 2.971760 0.000000
2.971760 2.981735 1.000000
2.981735 2.991709 8.000000
2.991709 3.001684 0.000000
3.001684 3.011659 0.000000
3.011659 3.021634 0.000000
3.021634 3.031609 0.000000
3.031609 3.041584 0.000000
3.041584 3.051558 0.000000
