0.202777 0.202874 1.000000
0.202874 0.202972 0.000000
0.202972 0.203069 0.000000
0.203069 0.203166 0.000000
0.203166 0.203263 2.000000
0.203263 0.203360 0.000000
0.203360 0.203457 0.000000
0.203457 0.203554 0.000000
0.203554 0.203651 5.000000
0.203651 0.203749 4.000000
0.203749 0.203846 13.000000
0.203846 0.203943 8.000000
0.203943 0.204040 6.000000
0.204040 0.204137 8.000000
0.204137 0.204234 5.000000
0.204234 0.204331 8.000000
0.204331 0.204428 10.000000
0.204428 0.204526 12.000000
0.204526 0.204623 12.000000
0.204623 0.204720 12.000000
0.204720 0.204817 5.000000
0.204817 0.204914 15.000000
0.204914 0.205011 5.000000
0.205011 0.205108 19.000000
0.205108 0.205205 32.000000
0.205205 0.205303 3.000000
0.205303 0.205400 25.000000
0.205400 0.205497 30.000000
0.205497 0.205594 8.000000
0.205594 0.205691 7.000000
0.205691 0.205788 20.000000
0.205788 0.205885 7.000000
0.205885 0.205982 21.000000
0.205982 0.206080 16.000000
0.206080 0.206177 13.000000
0.206177 0.206274 30.000000
0.206274 0.206371 33.000000
0.206371 0.206468 34.000000
0.206468 0.206565 27.000000
0.206565 0.206662 11.000000
0.206662 0.206759 28.000000
0.206759 0.206857 29.000000
0.206857 0.206954 14.000000
0.206954 0.207051 25.000000
0.207051 0.207148 77.000000
0.207148 0.207245 20.000000
0.207245 0.207342 51.000000
0.207342 0.207439 15.000000
0.207439 0.207536 17.000000
0.207536 0.207634 30.000000
0.207634 0.207731 25.000000
0.207731 0.207828 39.000000
0.207828 0.207925 31.000000
0.207925 0.208022 16.000000
0.208022 0.208119 83.000000
0.208119 0.208216 19.000000
0.208216 0.208313 27.000000
0.208313 0.208411 52.000000
0.208411 0.208508 19.000000
0.208508 0.208605 53.000000
0.208605 0.208702 26.000000
0.208702 0.208799 49.000000
0.208799 0.208896 73.000000
0.208896 0.208993 50.000000
0.208993 0.209090 128.000000
0.209090 0.209188 81.000000
0.209188 0.209285 42.000000
0.209285 0.209382 40.000000
0.209382 0.209479 21.000000
0.209479 0.209576 72.000000
0.209576 0.209673 36.000000
0.209673 0.209770 103.000000
0.209770 0.209867 55.000000
0.209867 0.209965 138.000000
0.209965 0.210062 58.000000
0.210062 0.210159 38.000000
0.210159 0.210256 36.000000
0.210256 0.210353 62.000000
0.210353 0.210450 112.000000
0.210450 0.210547 33.000000
0.210547 0.210644 54.000000
0.210644 0.210742 79.000000
0.210742 0.210839 57.000000
0.210839 0.210936 65.000000
0.210936 0.211033 67.000000
0.211033 0.211130 115.000000
0.211130 0.211227 127.000000
0.211227 0.211324 66.000000
0.211324 0.211421 62.000000
0.211421 0.211519 35.000000
0.211519 0.211616 387.000000
0.211616 0.211713 224.000000
0.211713 0.211810 37.000000
0.211810 0.211907 76.000000
0.211907 0.212004 58.000000
0.212004 0.212101 51.000000
0.212101 0.212198 67.000000
0.212198 0.212296 148.000000
0.212296 0.212393 162.000000
0.212393 0.212490 84.000000
0.212490 0.212587 128.000000
0.212587 0.212684 37.000000
0.212684 0.212781 42.000000
0.212781 0.212878 75.000000
0.212878 0.212975 174.000000
0.212975 0.213073 136.000000
0.213073 0.213170 63.000000
0.213170 0.213267 160.000000
0.213267 0.213364 229.000000
0.213364 0.213461 361.000000
0.213461 0.213558 52.000000
0.213558 0.213655 45.000000
0.213655 0.213752 108.000000
0.213752 0.213849 113.000000
0.213849 0.213947 132.000000
0.213947 0.214044 66.000000
0.214044 0.214141 116.000000
0.214141 0.214238 396.000000
0.214238 0.214335 126.000000
0.214335 0.214432 71.000000
0.214432 0.214529 93.000000
0.214529 0.214626 65.000000
0.214626 0.214724 71.000000
0.214724 0.214821 71.000000
0.214821 0.214918 68.000000
0.214918 0.215015 89.000000
0.215015 0.215112 35.000000
0.215112 0.215209 376.000000
0.215209 0.215306 65.000000
0.215306 0.215403 64.000000
0.215403 0.215501 59.000000
0.215501 0.215598 56.000000
0.215598 0.215695 52.000000
0.215695 0.215792 83.000000
0.215792 0.215889 48.000000
0.215889 0.215986 27.000000
0.215986 0.216083 46.000000
0.216083 0.216180 47.000000
0.216180 0.216278 84.000000
0.216278 0.216375 39.000000
0.216375 0.216472 39.000000
0.216472 0.216569 106.000000
0.216569 0.216666 63.000000
0.216666 0.216763 68.000000
0.216763 0.216860 59.000000
0.216860 0.216957 41.000000
0.216957 0.217055 39.000000
0.217055 0.217152 36.000000
0.217152 0.217249 43.000000
0.217249 0.217346 11.000000
0.217346 0.217443 22.000000
0.217443 0.217540 66.000000
0.217540 0.217637 49.000000
0.217637 0.217734 101.000000
0.217734 0.217832 11.000000
0.217832 0.217929 10.000000
0.217929 0.218026 31.000000
0.218026 0.218123 25.000000
0.218123 0.218220 4.000000
0.218220 0.218317 10.000000
0.218317 0.218414 21.000000
0.218414 0.218511 30.000000
0.218511 0.218609 29.000000
0.218609 0.218706 9.000000
0.218706 0.218803 127.000000
0.218803 0.218900 1.000000
0.218900 0.218997 38.000000
0.218997 0.219094 5.000000
0.219094 0.219191 30.000000
0.219191 0.219288 11.000000
0.219288 0.219386 7.000000
0.219386 0.219483 40.000000
0.219483 0.219580 31.000000
0.219580 0.219677 30.000000
0.219677 0.219774 7.000000
0.219774 0.219871 21.000000
0.219871 0.219968 32.000000
0.219968 0.220065 10.000000
0.220065 0.220163 13.000000
0.220163 0.220260 23.000000
0.220260 0.220357 0.000000
0.220357 0.220454 13.000000
0.220454 0.220551 34.000000
0.220551 0.220648 6.000000
0.220648 0.220745 2.000000
0.220745 0.220842 0.000000
0.220842 0.220940 2.000000
0.220940 0.221037 0.000000
0.221037 0.221134 0.000000
0.221134 0.221231 6.000000
0.221231 0.221328 2.000000
0.221328 0.221425 1.000000
0.221425 0.221522 0.000000
0.221522 0.221619 0.000000
0.221619 0.221717 0.000000
0.221717 0.221814 0.000000
0.221814 0.221911 2.000000
0.221911 0.222008 0.000000
0.222008 0.222105 1.000000
0.222105 0.222202 0.000000
