0.563359 0.567649 2.000000
0.567649 0.571939 0.000000
0.571939 0.576229 0.000000
0.576229 0.580518 0.000000
0.580518 0.584808 0.000000
0.584808 0.589098 0.000000
0.589098 0.593388 0.000000
0.593388 0.597677 0.000000
0.597677 0.601967 0.000000
0.601967 0.606257 0.000000
0.606257 0.610547 0.000000
0.610547 0.614837 0.000000
0.614837 0.619126 4.000000
0.619126 0.623416 0.000000
0.623416 0.627706 3.000000
0.627706 0.631996 0.000000
0.631996 0.636285 13.000000
0.636285 0.640575 0.000000
0.640575 0.644865 15.000000
0.644865 0.649155 5.000000
0.649155 0.653444 2.000000
0.653444 0.657734 5.000000
0.657734 0.662024 17.000000
0.662024 0.666314 16.000000
0.666314 0.670603 1.000000
0.670603 0.674893 3.000000
0.674893 0.679183 24.000000
0.679183 0.683473 42.000000
0.683473 0.687762 20.000000
0.687762 0.692052 29.000000
0.692052 0.696342 58.000000
0.696342 0.700632 41.000000
0.700632 0.704921 22.000000
0.704921 0.709211 31.000000
0.709211 0.713501 41.000000
0.713501 0.717791 39.000000
0.717791 0.722081 40.000000
0.722081 0.726370 35.000000
0.726370 0.730660 49.000000
0.730660 0.734950 70.000000
0.734950 0.739240 69.000000
0.739240 0.743529 58.000000
0.743529 0.747819 86.000000
0.747819 0.752109 74.000000
0.752109 0.756399 65.000000
0.756399 0.760688 77.000000
0.760688 0.764978 70.000000
0.764978 0.769268 107.000000
0.769268 0.773558 93.000000
0.773558 0.777847 79.000000
0.777847 0.782137 89.000000
0.782137 0.786427 143.000000
0.786427 0.790717 71.000000
0.790717 0.795006 84.000000
0.795006 0.799296 55.000000
0.799296 0.803586 94.000000
0.803586 0.807876 167.000000
0.807876 0.812165 82.000000
0.812165 0.816455 55.000000
0.816455 0.820745 114.000000
0.820745 0.825035 76.000000
0.825035 0.829325 142.000000
0.829325 0.833614 85.000000
0.833614 0.837904 72.000000
0.837904 0.842194 74.000000
0.842194 0.846484 81.000000
0.846484 0.850773 110.000000
0.850773 0.855063 104.000000
0.855063 0.859353 91.000000
0.859353 0.863643 63.000000
0.863643 0.867932 67.000000
0.867932 0.872222 93.000000
0.872222 0.876512 95.000000
0.876512 0.880802 156.000000
0.880802 0.885091 118.000000
0.885091 0.889381 77.000000
0.889381 0.893671 106.000000
0.893671 0.897961 96.000000
0.897961 0.902250 117.000000
0.902250 0.906540 95.000000
0.906540 0.910830 140.000000
0.910830 0.915120 65.000000
0.915120 0.919410 92.000000
0.919410 0.923699 93.000000
0.923699 0.927989 139.000000
0.927989 0.932279 394.000000
0.932279 0.936569 83.000000
0.936569 0.940858 214.000000
0.940858 0.945148 235.000000
0.945148 0.949438 58.000000
0.949438 0.953728 43.000000
0.953728 0.958017 134.000000
0.958017 0.962307 49.000000
0.962307 0.966597 57.000000
0.966597 0.970887 58.000000
0.970887 0.975176 65.000000
0.975176 0.979466 109.000000
0.979466 0.983756 31.000000
0.983756 0.988046 39.000000
0.988046 0.992335 85.000000
0.992335 0.996625 81.000000
0.996625 1.000915 26.000000
1.000915 1.005205 55.000000
1.005205 1.009494 36.000000
1.009494 1.013784 49.000000
1.013784 1.018074 15.000000
1.018074 1.022364 31.000000
1.022364 1.026654 22.000000
1.026654 1.030943 92.000000
1.030943 1.035233 20.000000
1.035233 1.039523 32.000000
1.039523 1.043813 2.000000
1.043813 1.048102 27.000000
1.048102 1.052392 127.000000
1.052392 1.056682 55.000000
1.056682 1.060972 301.000000
1.060972 1.065261 30.000000
1.065261 1.069551 18.000000
1.069551 1.073841 15.000000
1.073841 1.078131 36.000000
1.078131 1.082420 55.000000
1.082420 1.086710 23.000000
1.086710 1.091000 35.000000
1.091000 1.095290 15.000000
1.095290 1.099579 851.000000
1.099579 1.103869 23.000000
1.103869 1.108159 23.000000
1.108159 1.112449 17.000000
1.112449 1.116738 277.000000
1.116738 1.121028 139.000000
1.121028 1.125318 12.000000
1.125318 1.129608 26.000000
1.129608 1.133898 6.000000
1.133898 1.138187 6.000000
1.138187 1.142477 9.000000
1.142477 1.146767 10.000000
1.146767 1.151057 12.000000
1.151057 1.155346 3.000000
1.155346 1.159636 21.000000
1.159636 1.163926 25.000000
1.163926 1.168216 17.000000
1.168216 1.172505 22.000000
1.172505 1.176795 0.000000
1.176795 1.181085 2.000000
1.181085 1.185375 108.000000
1.185375 1.189664 1.000000
1.189664 1.193954 46.000000
1.193954 1.198244 4.000000
1.198244 1.202534 4.000000
1.202534 1.206823 3.000000
1.206823 1.211113 18.000000
1.211113 1.215403 14.000000
1.215403 1.219693 2.000000
1.219693 1.223982 0.000000
1.223982 1.228272 24.000000
1.228272 1.232562 27.000000
1.232562 1.236852 14.000000
1.236852 1.241142 25.000000
1.241142 1.245431 5.000000
1.245431 1.249721 20.000000
1.249721 1.254011 4.000000
1.254011 1.258301 2.000000
1.258301 1.262590 7.000000
1.262590 1.266880 0.000000
1.266880 1.271170 15.000000
1.271170 1.275460 1.000000
1.275460 1.279749 0.000000
1.279749 1.284039 16.000000
1.284039 1.288329 15.000000
1.288329 1.292619 61.000000
1.292619 1.296908 18.000000
1.296908 1.301198 26.000000
1.301198 1.305488 28.000000
1.305488 1.309778 5.000000
1.309778 1.314067 2.000000
1.314067 1.318357 22.000000
1.318357 1.322647 6.000000
1.322647 1.326937 5.000000
1.326937 1.331226 17.000000
1.331226 1.335516 0.000000
1.335516 1.339806 15.000000
1.339806 1.344096 1.000000
1.344096 1.348386 20.000000
1.348386 1.352675 9.000000
1.352675 1.356965 71.000000
1.356965 1.361255 11.000000
1.361255 1.365545 0.000000
1.365545 1.369834 96.000000
1.369834 1.374124 0.000000
1.374124 1.378414 4.000000
1.378414 1.382704 0.000000
1.382704 1.386993 0.000000
1.386993 1.391283 16.000000
1.391283 1.395573 0.000000
1.395573 1.399863 0.000000
1.399863 1.404152 0.000000
1.404152 1.408442 0.000000
1.408442 1.412732 0.000000
1.412732 1.417022 0.000000
1.417022 1.421311 0.000000
