0.589668 0.594629 2.000000
0.594629 0.599589 0.000000
0.599589 0.604549 0.000000
0.604549 0.609509 0.000000
0.609509 0.614470 2.000000
0.614470 0.619430 0.000000
0.619430 0.624390 0.000000
0.624390 0.629351 3.000000
0.629351 0.634311 0.000000
0.634311 0.639271 0.000000
0.639271 0.644232 1.000000
0.644232 0.649192 3.000000
0.649192 0.654152 4.000000
0.654152 0.659112 5.000000
0.659112 0.664073 15.000000
0.664073 0.669033 12.000000
0.669033 0.673993 2.000000
0.673993 0.678954 7.000000
0.678954 0.683914 7.000000
0.683914 0.688874 11.000000
0.688874 0.693834 6.000000
0.693834 0.698795 19.000000
0.698795 0.703755 15.000000
0.703755 0.708715 7.000000
0.708715 0.713676 23.000000
0.713676 0.718636 11.000000
0.718636 0.723596 21.000000
0.723596 0.728557 63.000000
0.728557 0.733517 40.000000
0.733517 0.738477 37.000000
0.738477 0.743437 32.000000
0.743437 0.748398 55.000000
0.748398 0.753358 151.000000
0.753358 0.758318 52.000000
0.758318 0.763279 94.000000
0.763279 0.768239 53.000000
0.768239 0.773199 75.000000
0.773199 0.778159 102.000000
0.778159 0.783120 112.000000
0.783120 0.788080 134.000000
0.788080 0.793040 70.000000
0.793040 0.798001 152.000000
0.798001 0.802961 106.000000
0.802961 0.807921 199.000000
0.807921 0.812881 116.000000
0.812881 0.817842 146.000000
0.817842 0.822802 45.000000
0.822802 0.827762 175.000000
0.827762 0.832723 106.000000
0.832723 0.837683 181.000000
0.837683 0.842643 106.000000
0.842643 0.847604 143.000000
0.847604 0.852564 182.000000
0.852564 0.857524 138.000000
0.857524 0.862484 93.000000
0.862484 0.867445 205.000000
0.867445 0.872405 172.000000
0.872405 0.877365 146.000000
0.877365 0.882326 190.000000
0.882326 0.887286 110.000000
0.887286 0.892246 102.000000
0.892246 0.897206 103.000000
0.897206 0.902167 118.000000
0.902167 0.907127 117.000000
0.907127 0.912087 160.000000
0.912087 0.917048 152.000000
0.917048 0.922008 258.000000
0.922008 0.926968 103.000000
0.926968 0.931929 118.000000
0.931929 0.936889 124.000000
0.936889 0.941849 117.000000
0.941849 0.946809 170.000000
0.946809 0.951770 78.000000
0.951770 0.956730 81.000000
0.956730 0.961690 98.000000
0.961690 0.966651 106.000000
0.966651 0.971611 62.000000
0.971611 0.976571 166.000000
0.976571 0.981531 50.000000
0.981531 0.986492 67.000000
0.986492 0.991452 65.000000
0.991452 0.996412 77.000000
0.996412 1.001373 84.000000
1.001373 1.006333 94.000000
1.006333 1.011293 143.000000
1.011293 1.016253 185.000000
1.016253 1.021214 81.000000
1.021214 1.026174 74.000000
1.026174 1.031134 83.000000
1.031134 1.036095 36.000000
1.036095 1.041055 58.000000
1.041055 1.046015 6.000000
1.046015 1.050976 55.000000
1.050976 1.055936 85.000000
1.055936 1.060896 23.000000
1.060896 1.065856 25.000000
1.065856 1.070817 208.000000
1.070817 1.075777 8.000000
1.075777 1.080737 77.000000
1.080737 1.085698 37.000000
1.085698 1.090658 58.000000
1.090658 1.095618 14.000000
1.095618 1.100578 68.000000
1.100578 1.105539 53.000000
1.105539 1.110499 252.000000
1.110499 1.115459 4.000000
1.115459 1.120420 0.000000
1.120420 1.125380 10.000000
1.125380 1.130340 323.000000
1.130340 1.135301 3.000000
1.135301 1.140261 12.000000
1.140261 1.145221 0.000000
1.145221 1.150181 5.000000
1.150181 1.155142 19.000000
1.155142 1.160102 5.000000
1.160102 1.165062 0.000000
1.165062 1.170023 0.000000
1.170023 1.174983 45.000000
1.174983 1.179943 0.000000
1.179943 1.184903 29.000000
1.184903 1.189864 0.000000
1.189864 1.194824 0.000000
1.194824 1.199784 0.000000
1.199784 1.204745 0.000000
1.204745 1.209705 42.000000
1.209705 1.214665 0.000000
1.214665 1.219626 85.000000
1.219626 1.224586 102.000000
1.224586 1.229546 15.000000
1.229546 1.234506 0.000000
1.234506 1.239467 0.000000
1.239467 1.244427 0.000000
1.244427 1.249387 0.000000
1.249387 1.254348 16.000000
1.254348 1.259308 0.000000
1.259308 1.264268 94.000000
1.264268 1.269228 224.000000
1.269228 1.274189 0.000000
1.274189 1.279149 0.000000
1.279149 1.284109 0.000000
1.284109 1.289070 4.000000
1.289070 1.294030 0.000000
1.294030 1.298990 17.000000
1.298990 1.303950 33.000000
1.303950 1.308911 0.000000
1.308911 1.313871 0.000000
1.313871 1.318831 0.000000
1.318831 1.323792 23.000000
1.323792 1.328752 87.000000
1.328752 1.333712 0.000000
1.333712 1.338673 5.000000
1.338673 1.343633 0.000000
1.343633 1.348593 22.000000
1.348593 1.353553 0.000000
1.353553 1.358514 0.000000
1.358514 1.363474 0.000000
1.363474 1.368434 0.000000
1.368434 1.373395 0.000000
1.373395 1.378355 0.000000
1.378355 1.383315 159.000000
1.383315 1.388275 0.000000
1.388275 1.393236 0.000000
1.393236 1.398196 0.000000
1.398196 1.403156 326.000000
1.403156 1.408117 0.000000
1.408117 1.413077 0.000000
1.413077 1.418037 0.000000
1.418037 1.422998 0.000000
1.422998 1.427958 0.000000
1.427958 1.432918 0.000000
1.432918 1.437878 0.000000
1.437878 1.442839 0.000000
1.442839 1.447799 0.000000
1.447799 1.452759 0.000000
1.452759 1.457720 0.000000
1.457720 1.462680 0.000000
1.462680 1.467640 0.000000
1.467640 1.472600 0.000000
1.472600 1.477561 0.000000
1.477561 1.482521 0.000000
1.482521 1.487481 0.000000
1.487481 1.492442 0.000000
1.492442 1.497402 0.000000
1.497402 1.502362 0.000000
1.502362 1.507322 0.000000
1.507322 1.512283 0.000000
1.512283 1.517243 0.000000
1.517243 1.522203 0.000000
1.522203 1.527164 0.000000
1.527164 1.532124 0.000000
1.532124 1.537084 0.000000
1.537084 1.542045 0.000000
1.542045 1.547005 0.000000
1.547005 1.551965 0.000000
1.551965 1.556925 0.000000
1.556925 1.561886 0.000000
1.561886 1.566846 0.000000
1.566846 1.571806 0.000000
1.571806 1.576767 0.000000
1.576767 1.581727 0.000000
