1.091779 1.102714 78.000000
1.102714 1.113650 0.000000
1.113650 1.124585 168.000000
1.124585 1.135521 0.000000
1.135521 1.146456 302.000000
1.146456 1.157392 76.000000
1.157392 1.168327 144.000000
1.168327 1.179263 344.000000
1.179263 1.190199 32.000000
1.190199 1.201134 446.000000
1.201134 1.212070 0.000000
1.212070 1.223005 0.000000
1.223005 1.233941 83.000000
1.233941 1.244876 0.000000
1.244876 1.255812 265.000000
1.255812 1.266747 0.000000
1.266747 1.277683 0.000000
1.277683 1.288618 0.000000
1.288618 1.299554 11.000000
1.299554 1.310489 0.000000
1.310489 1.321425 0.000000
1.321425 1.332360 0.000000
1.332360 1.343296 0.000000
1.343296 1.354232 0.000000
1.354232 1.365167 0.000000
1.365167 1.376103 0.000000
1.376103 1.387038 15.000000
1.387038 1.397974 0.000000
1.397974 1.408909 0.000000
1.408909 1.419845 0.000000
1.419845 1.430780 0.000000
1.430780 1.441716 0.000000
1.441716 1.452651 0.000000
1.452651 1.463587 0.000000
1.463587 1.474522 0.000000
1.474522 1.485458 0.000000
1.485458 1.496393 0.000000
1.496393 1.507329 0.000000
1.507329 1.518265 0.000000
1.518265 1.529200 0.000000
1.529200 1.540136 0.000000
1.540136 1.551071 0.000000
1.551071 1.562007 1.000000
1.562007 1.572942 3.000000
1.572942 1.583878 80.000000
1.583878 1.594813 1.000000
1.594813 1.605749 4.000000
1.605749 1.616684 14.000000
1.616684 1.627620 3.000000
1.627620 1.638555 8.000000
1.638555 1.649491 3.000000
1.649491 1.660426 19.000000
1.660426 1.671362 4.000000
1.671362 1.682297 30.000000
1.682297 1.693233 23.000000
1.693233 1.704169 38.000000
1.704169 1.715104 11.000000
1.715104 1.726040 46.000000
1.726040 1.736975 25.000000
1.736975 1.747911 26.000000
1.747911 1.758846 46.000000
1.758846 1.769782 22.000000
1.769782 1.780717 45.000000
1.780717 1.791653 31.000000
1.791653 1.802588 47.000000
1.802588 1.813524 104.000000
1.813524 1.824459 33.000000
1.824459 1.835395 126.000000
1.835395 1.846330 24.000000
1.846330 1.857266 59.000000
1.857266 1.868202 68.000000
1.868202 1.879137 79.000000
1.879137 1.890073 168.000000
1.890073 1.901008 138.000000
1.901008 1.911944 139.000000
1.911944 1.922879 143.000000
1.922879 1.933815 84.000000
1.933815 1.944750 121.000000
1.944750 1.955686 103.000000
1.955686 1.966621 98.000000
1.966621 1.977557 214.000000
1.977557 1.988492 115.000000
1.988492 1.999428 87.000000
1.999428 2.010363 134.000000
2.010363 2.021299 230.000000
2.021299 2.032235 155.000000
2.032235 2.043170 139.000000
2.043170 2.054106 150.000000
2.054106 2.065041 185.000000
2.065041 2.075977 186.000000
2.075977 2.086912 183.000000
2.086912 2.097848 185.000000
2.097848 2.108783 204.000000
2.108783 2.119719 279.000000
2.119719 2.130654 250.000000
2.130654 2.141590 216.000000
2.141590 2.152525 216.000000
2.152525 2.163461 239.000000
2.163461 2.174396 186.000000
2.174396 2.185332 228.000000
2.185332 2.196268 220.000000
2.196268 2.207203 249.000000
2.207203 2.218139 141.000000
2.218139 2.229074 197.000000
2.229074 2.240010 183.000000
2.240010 2.250945 252.000000
2.250945 2.261881 185.000000
2.261881 2.272816 247.000000
2.272816 2.283752 210.000000
2.283752 2.294687 191.000000
2.294687 2.305623 258.000000
2.305623 2.316558 216.000000
2.316558 2.327494 152.000000
2.327494 2.338429 195.000000
2.338429 2.349365 273.000000
2.349365 2.360301 185.000000
2.360301 2.371236 286.000000
2.371236 2.382172 167.000000
2.382172 2.393107 211.000000
2.393107 2.404043 212.000000
2.404043 2.414978 136.000000
2.414978 2.425914 137.000000
2.425914 2.436849 110.000000
2.436849 2.447785 125.000000
2.447785 2.458720 104.000000
2.458720 2.469656 148.000000
2.469656 2.480591 115.000000
2.480591 2.491527 104.000000
2.491527 2.502462 120.000000
2.502462 2.513398 81.000000
2.513398 2.524334 107.000000
2.524334 2.535269 45.000000
2.535269 2.546205 88.000000
2.546205 2.557140 83.000000
2.557140 2.568076 107.000000
2.568076 2.579011 94.000000
2.579011 2.589947 98.000000
2.589947 2.600882 102.000000
2.600882 2.611818 78.000000
2.611818 2.622753 30.000000
2.622753 2.633689 79.000000
2.633689 2.644624 48.000000
2.644624 2.655560 41.000000
2.655560 2.666495 67.000000
2.666495 2.677431 41.000000
2.677431 2.688367 53.000000
2.688367 2.699302 44.000000
2.699302 2.710238 27.000000
2.710238 2.721173 53.000000
2.721173 2.732109 50.000000
2.732109 2.743044 28.000000
2.743044 2.753980 31.000000
2.753980 2.764915 21.000000
2.764915 2.775851 14.000000
2.775851 2.786786 18.000000
2.786786 2.797722 25.000000
2.797722 2.808657 17.000000
2.808657 2.819593 18.000000
2.819593 2.830528 16.000000
2.830528 2.841464 9.000000
2.841464 2.852399 27.000000
2.852399 2.863335 10.000000
2.863335 2.874271 16.000000
2.874271 2.885206 33.000000
2.885206 2.896142 20.000000
2.896142 2.907077 27.000000
2.907077 2.918013 5.000000
2.918013 2.928948 23.000000
2.928948 2.939884 13.000000
2.939884 2.950819 19.000000
2.950819 2.961755 16.000000
2.961755 2.972690 21.000000
2.972690 2.983626 3.000000
2.983626 2.994561 2.000000
2.994561 3.005497 3.000000
3.005497 3.016432 16.000000
3.016432 3.027368 0.000000
3.027368 3.038304 0.000000
3.038304 3.049239 4.000000
3.049239 3.060175 0.000000
3.060175 3.071110 0.000000
3.071110 3.082046 3.000000
3.082046 3.092981 0.000000
3.092981 3.103917 3.000000
3.103917 3.114852 1.000000
3.114852 3.125788 0.000000
3.125788 3.136723 0.000000
3.136723 3.147659 0.000000
3.147659 3.158594 3.000000
3.158594 3.169530 0.000000
3.169530 3.180465 11.000000
3.180465 3.191401 0.000000
3.191401 3.202337 0.000000
3.202337 3.213272 3.000000
3.213272 3.224208 7.000000
3.224208 3.235143 0.000000
3.235143 3.246079 0.000000
3.246079 3.257014 4.000000
3.257014 3.267950 0.000000
3.267950 3.278885 0.000000
